selectionSort	Losowa
Elementy	Czas(s)
10	0.000002
50	0.000008
100	0.000027
500	0.000564
1000	0.001830
2000	0.007544
4000	0.030791
5000	0.046987
7000	0.092246
10000	0.188231
20000	0.754675
30000	1.700850
40000	2.995968
50000	4.704966
60000	6.797593
selectionSort	Posortowana
Elementy	Czas(s)
10	0.000001
50	0.000006
100	0.000021
500	0.000474
1000	0.001983
2000	0.008341
4000	0.030010
5000	0.047034
7000	0.091948
10000	0.186311
20000	0.754069
30000	1.700979
40000	3.012348
50000	4.706037
60000	6.752892
selectionSort	Odwrotnie posortowana
Elementy	Czas(s)
10	0.000001
50	0.000006
100	0.000019
500	0.000472
1000	0.001944
2000	0.007506
4000	0.029765
5000	0.046367
7000	0.091260
10000	0.189172
20000	0.748400
30000	1.684051
40000	3.003403
50000	4.679560
60000	6.785069
selectionSort	V-ksztaltna
Elementy	Czas(s)
10	0.000001
50	0.000008
100	0.000025
500	0.000506
1000	0.001976
2000	0.007616
4000	0.031302
5000	0.048044
7000	0.094032
10000	0.190542
20000	0.766912
30000	1.739961
40000	3.092695
50000	4.850115
60000	7.022853
selectionSort	A-ksztaltna
Elementy	Czas(s)
10	0.000001
50	0.000007
100	0.000023
500	0.000493
1000	0.001963
2000	0.008231
4000	0.030674
5000	0.048208
7000	0.097873
10000	0.198294
20000	0.791039
30000	1.759934
40000	3.148254
50000	4.918608
60000	7.074371
selectionSort	Stajnia
Elementy	Czas(s)
10	0.000001
50	0.000006
100	0.000021
500	0.000477
1000	0.001880
2000	0.007465
4000	0.029754
5000	0.046658
7000	0.091659
10000	0.194902
20000	0.765314
30000	1.719913
40000	3.045303
50000	4.731462
60000	6.935547
InsertionSort	Losowa
Elementy	Czas(s)
10	0.000000
50	0.000005
100	0.000015
500	0.000349
1000	0.001448
2000	0.005637
4000	0.023290
5000	0.035608
7000	0.069940
10000	0.137500
20000	0.567085
30000	1.261543
40000	2.230652
50000	3.510567
60000	5.013317
InsertionSort	Posortowana
Elementy	Czas(s)
10	0.000000
50	0.000001
100	0.000001
500	0.000004
1000	0.000008
2000	0.000015
4000	0.000030
5000	0.000038
7000	0.000053
10000	0.000075
20000	0.000150
30000	0.000224
40000	0.000300
50000	0.000412
60000	0.000487
InsertionSort	Odwrotnie posortowana
Elementy	Czas(s)
10	0.000000
50	0.000000
100	0.000001
500	0.000004
1000	0.000009
2000	0.000016
4000	0.000033
5000	0.000041
7000	0.000057
10000	0.000082
20000	0.000162
30000	0.000244
40000	0.000326
50000	0.000407
60000	0.000487
InsertionSort	V-ksztaltna
Elementy	Czas(s)
10	0.000001
50	0.000005
100	0.000016
500	0.000370
1000	0.001420
2000	0.005764
4000	0.022928
5000	0.034981
7000	0.071042
10000	0.141560
20000	0.558812
30000	1.260888
40000	2.224907
50000	3.468145
60000	5.005076
InsertionSort	A-ksztaltna
Elementy	Czas(s)
10	0.000001
50	0.000005
100	0.000016
500	0.000390
1000	0.001551
2000	0.005665
4000	0.022316
5000	0.036553
7000	0.071019
10000	0.143113
20000	0.570053
30000	1.275852
40000	2.286672
50000	3.544654
60000	5.012438
InsertionSort	Stajnia
Elementy	Czas(s)
10	0.000000
50	0.000001
100	0.000001
500	0.000004
1000	0.000008
2000	0.000017
4000	0.000033
5000	0.000040
7000	0.000057
10000	0.000083
20000	0.000163
30000	0.000241
40000	0.000300
50000	0.000374
60000	0.000447
HeapSort	Losowa
Elementy	Czas(s)
10	0.000002
50	0.000008
100	0.000019
500	0.000111
1000	0.000243
2000	0.000576
4000	0.001239
5000	0.001487
7000	0.002165
10000	0.003434
20000	0.007344
30000	0.011640
40000	0.015109
50000	0.019976
60000	0.024226
HeapSort	Posortowana
Elementy	Czas(s)
10	0.000002
50	0.000009
100	0.000020
500	0.000117
1000	0.000256
2000	0.000557
4000	0.001203
5000	0.001551
7000	0.002250
10000	0.003175
20000	0.007008
30000	0.010806
40000	0.015146
50000	0.020325
60000	0.025180
HeapSort	Odwrotnie posortowana
Elementy	Czas(s)
10	0.000001
50	0.000010
100	0.000023
500	0.000132
1000	0.000292
2000	0.000611
4000	0.001204
5000	0.001437
7000	0.002124
10000	0.003591
20000	0.007768
30000	0.010815
40000	0.015548
50000	0.020835
60000	0.024399
HeapSort	V-ksztaltna
Elementy	Czas(s)
10	0.000002
50	0.000009
100	0.000017
500	0.000108
1000	0.000239
2000	0.000551
4000	0.001251
5000	0.001581
7000	0.002333
10000	0.003433
20000	0.006648
30000	0.011020
40000	0.014827
50000	0.019224
60000	0.023001
HeapSort	A-ksztaltna
Elementy	Czas(s)
10	0.000002
50	0.000009
100	0.000019
500	0.000115
1000	0.000258
2000	0.000556
4000	0.001224
5000	0.001681
7000	0.002445
10000	0.003583
20000	0.006917
30000	0.011531
40000	0.015700
50000	0.020256
60000	0.025378
HeapSort	Stajnia
Elementy	Czas(s)
10	0.000001
50	0.000002
100	0.000003
500	0.000015
1000	0.000035
2000	0.000062
4000	0.000136
5000	0.000144
7000	0.000196
10000	0.000319
20000	0.000613
30000	0.000829
40000	0.001096
50000	0.001465
60000	0.001852
QuickSort	Losowa
Elementy	Czas(s)
10	0.000001
50	0.000004
100	0.000011
500	0.000061
1000	0.000131
2000	0.000281
4000	0.000591
5000	0.000756
7000	0.001087
10000	0.001601
20000	0.003414
30000	0.005398
40000	0.007240
50000	0.009066
60000	0.011244
QuickSort	Posortowana
Elementy	Czas(s)
10	0.000001
50	0.000004
100	0.000007
500	0.000038
1000	0.000074
2000	0.000156
4000	0.000328
5000	0.000388
7000	0.000566
10000	0.000822
20000	0.001685
30000	0.002253
40000	0.003278
50000	0.004633
60000	0.005373
QuickSort	Odwrotnie posortowana
Elementy	Czas(s)
10	0.000001
50	0.000003
100	0.000006
500	0.000031
1000	0.000063
2000	0.000132
4000	0.000278
5000	0.000322
7000	0.000483
10000	0.000747
20000	0.001572
30000	0.002447
40000	0.003311
50000	0.004628
60000	0.004884
QuickSort	V-ksztaltna
Elementy	Czas(s)
10	0.000001
50	0.000006
100	0.000014
500	0.000243
1000	0.000915
2000	0.003562
4000	0.013801
5000	0.021529
7000	0.042807
10000	0.086238
20000	0.346614
30000	0.779341
40000	1.382147
50000	2.171756
60000	3.112915
QuickSort	A-ksztaltna
Elementy	Czas(s)
10	0.000001
50	0.000005
100	0.000011
500	0.000071
1000	0.000327
2000	0.001141
4000	0.004468
5000	0.014089
7000	0.022225
10000	0.040298
20000	0.091459
30000	0.352776
40000	0.777102
50000	1.245876
60000	2.137356
QuickSort	Stajnia
Elementy	Czas(s)
10	0.000001
50	0.000003
100	0.000006
500	0.000035
1000	0.000075
2000	0.000177
4000	0.000362
5000	0.000432
7000	0.000627
10000	0.000935
20000	0.001907
30000	0.002915
40000	0.004078
50000	0.005299
60000	0.006505
QuickSort Iteracyjny	Losowa
Elementy	Czas(s)
10	0.000000
50	0.000001
100	0.000001
500	0.000000
1000	0.000001
2000	0.000000
4000	0.000001
5000	0.000000
7000	0.000001
10000	0.000000
20000	0.000001
30000	0.000001
40000	0.000001
50000	0.000000
60000	0.000000
QuickSort Iteracyjny	Posortowana
Elementy	Czas(s)
10	0.000000
50	0.000000
100	0.000000
500	0.000000
1000	0.000000
2000	0.000001
4000	0.000001
5000	0.000001
7000	0.000001
10000	0.000000
20000	0.000000
30000	0.000000
40000	0.000000
50000	0.000001
60000	0.000000
QuickSort Iteracyjny	Odwrotnie posortowana
Elementy	Czas(s)
10	0.000000
50	0.000000
100	0.000000
500	0.000000
1000	0.000000
2000	0.000000
4000	0.000000
5000	0.000000
7000	0.000000
10000	0.000000
20000	0.000000
30000	0.000001
40000	0.000000
50000	0.000000
60000	0.000000
QuickSort Iteracyjny	V-ksztaltna
Elementy	Czas(s)
10	0.000000
50	0.000000
100	0.000000
500	0.000000
1000	0.000000
2000	0.000000
4000	0.000000
5000	0.000000
7000	0.000001
10000	0.000001
20000	0.000001
30000	0.000000
40000	0.000000
50000	0.000000
60000	0.000001
QuickSort Iteracyjny	A-ksztaltna
Elementy	Czas(s)
10	0.000001
50	0.000001
100	0.000001
500	0.000000
1000	0.000001
2000	0.000000
4000	0.000000
5000	0.000001
7000	0.000000
10000	0.000001
20000	0.000001
30000	0.000001
40000	0.000000
50000	0.000000
60000	0.000000
QuickSort Iteracyjny	Stajnia
Elementy	Czas(s)
10	0.000000
50	0.000000
100	0.000000
500	0.000000
1000	0.000001
2000	0.000000
4000	0.000001
5000	0.000000
7000	0.000001
10000	0.000000
20000	0.000000
30000	0.000001
40000	0.000000
50000	0.000001
60000	0.000001
